0
-0.146874059870777
-0.141871455472149
3.47331913624405
2.59801887307331
-0.927296744044055
1.96522088826969
3.34241038409443
-1.63168526385504
-3.14263323168000
1.53106900207525
0.220632733240986
2.52583096109793
-5.29961680829146
-4.63363887606062
1.22929102084153
1.51917958758256
0.691522585858216
-1.44325383388437
-4.80258219703709
0.170407182649184
1.09768935106579
0.612865111933175
0.309137946372731
-2.13520077822204
0.0968783801220474
1.19765984387892
0.565483464656660
-0.271103939426829
-3.18564976871725
-1.30706997675205
-2.02114871912516
0.748343109862631
-2.33619357282381
1.59066062698787
-2.34255453777805
0.829625786674965
-0.420916229328882
-1.67611224896655
-0.974135984231510
0.244663753387395
0.275955160195579
-1.18677871732054
1.64579618565629
-0.798601844586766
1.78729198739484
0.760827367914234
-0.766275589869769
0.548428197609098
-5.16923937387308
-2.42108458520901
-1.74346074396170
-1.54269933048840
4.15252848201003
-0.317224834219683
2.88394070766692
-1.28357765821068
1.94901770070371
4.52177250288607
4.24681549334713
-1.60592635335708
-0.478724261009007
1.16192444327944
0.533555073293211
0.469661434349898
0.468472179654015
0.950311108885136
4.34090962394072
-1.53034436066062
0.978614322884145
3.39312493872346
3.28266071168493
2.54628881905346
-0.701086350897718
-1.40057849299773
0.837674073204017
-0.384957854401483
0.273762113955873
3.40097739076962
-0.296152174085961
-0.412681084948687
1.91379659402371
1.72109203364174
-3.16150379147135
0.483596223741497
-0.981657400124370
0.00697815202342550
-1.48704234109388
-0.786969540344798
3.87811391921375
-0.873266272011487
-0.790768667856359
1.17789403903787
-2.29086597331605
-8.00091631137651
-0.114754672241598
0.870571983300407
-1.65778274777226
0.275792988979691
-3.27835640988433
2.01937353959482
-4.21379426716245
-3.59756979474659
3.33293791387064
1.75294607777339
4.61981841201620
3.55395987043362
0.132677217373797
-3.59200696828892
-4.16437841587007
3.45811885587962
2.71433129310575
-0.828469220014973
0.167240261384244
-1.83118779959750
1.65337592296198
2.71020553189466
-1.50745781386331
1.63424308260076
0.0518001365754374
0.392736235827497
0.369998478111054
-3.57526561574478
-0.884124836104024
0.990024257863401
0.118415970228949
-2.25854819033351
3.73008039778415
2.60897246361877
1.10214804960783
-0.570639388277300
0.0879403389346671
1.71895200722478
2.73816026439727
1.43036436754484
-0.194258179834426
0.808244619385873
0.796242796520392
-2.33183989372104
2.37391517257071
-1.21843508473216
1.14140905018650
-0.229741694688040
0.966947780149955
-4.37191183601144
-2.68128601726504
-1.32442108914003
-2.66337700785966
1.51775159845402
3.76855975325552
1.77128444304323
3.94045847888350
-1.87326401926607
0.632507054207045
-1.51549421565099
-1.28139014493354
1.77378595388308
-0.957740159419192
-0.419525454662241
-2.83893119559279
-5.52091112114138
1.38979029832048
1.03040101005530
-2.74919658216755
1.16395075692145
-0.368726153463405
-3.77019973272507
0.629589559424603
-0.291403694567804
-0.0971344934219939
-1.03289209961855
4.17185003958260
0.508715747724197
2.78546383846359
-0.185465545226054
-0.511007930446047
0.741472482523935
1.93918522761033
-0.879385655735595
-1.92629886299855
-0.943255249182950
-0.236944281216208
1.02861057796384
2.98757700195729
-2.64628188145221
-2.19188550965824
-1.79602667695508
-3.00701570084160
1.95320647972385
-1.80493147024524
-0.767431704999290
-2.90504631274658
-1.12406389929625
-0.110508845230426
-3.05588606032854
-2.37909364562647
-3.56439125089877
-2.88457941278873
-2.65163639479737
-2.11226340642707
5.54583810979308
2.66492939232754
-0.773636755396776
1.36279121263864
0.293774946487561
0.889449219224068
3.40706257538198
-2.91400072805603
-3.44911123251852
-2.95332188757363
-0.922067394674002
0.755357346022511
1.54514165064639
-4.95526262663865
0.0900976428552231
3.00554834315011
-2.78259664781953
-3.60774340155189
1.01023751561977
-0.961727555478553
0.372743580943867
0.119495706909795
3.05305922727049
0.440712376134640
-4.46778006599403
0.299953590230242
-0.813366754030286
4.09452017961310
-0.918321479314782
0.333095871569330
1.39353011858295
0.711359225327197
3.94848046885229
2.61898131311850
-3.38997546706250
-1.88542462398875
-2.80139276714087
-0.857866063181762
0.768928735859446
-0.247166888655731
1.35645655758862
2.94940263848898
3.63208006010379
-1.22890685403945
2.50045834665250
0.703846470424553
-2.38831320047753
0.435578648841718
-2.31845848990989
-1.35423501961475
-2.00203256140507
-0.676521356872898
2.64224351083404
-1.38310043108391
-2.45699538620158
-1.96276688606554
-3.57551680080648
1.85893902126921
-0.669597189665867
-0.128131495205202
-0.472236626019733
-1.10827040357805
1.75337862441475
1.84605478783817
-1.79720568259206
-1.69406763434638
-0.947582502611222
-2.66913798938477
-0.465250473444919
-0.345462828298009
1.14904780974794
0.702959907659398
-0.953195257112471
0.863162115516266
0.0394596443646185
3.58546205977085
0.742382291693268
3.07273824642056
-0.925840031762886
3.61589554716681
-1.60280781083407
0.440406978720481
1.53294477019510
0.0563723645028809
1.48165162756071
0.0145783956684898
1.41444952204546
-1.61480343854783
-2.98904723160523
-3.18516135021384
-0.813697667727406
2.14576355381744
-0.266824703614298
0.824462519531681
-2.81570644422392
-0.348405976072852
0.499994424064923
-1.40089408687295
-2.14065910125194
1.65803713218712
1.00401648534855
-0.00200177918742447
-0.407176111832422
-1.03495025877729
-1.70556557414423
-1.69676863332082
1.08193247282491
1.94767749031383
0.743574765271544
3.57764843388855
-0.212980516762540
0.0713355371096794
-0.183985509254069
1.51740572654338
-1.32694561881158
0.817829435773821
-2.32416155740682
-0.303211112650204
0.550436095974414
1.86528387694772
-2.44200376340970
-2.87319414801522
-0.262720206894950
2.45509205055504
-0.0903635013118966
-0.0993485442898308
-1.65634311606082
-0.596444738817371
-2.45577062179226
0.100025163720382
-1.97039545638786
4.52438561232451
-0.480134195256086
-4.11023068141935
-1.76004477466602
-2.95199577406403
-2.94192707813879
0.886461075597635
3.57329379660518
-0.0968629926796489
-2.24216942551693
-1.70128330504078
-0.582237407974909
-2.57977351965316
0.844833861190471
-0.262086663915985
-1.68467354854787
-0.330317132381610
-0.0667635858160183
1.38591539640719
-1.12990175079040
4.10787723528205
-0.0768763573706851
1.42378225766787
1.26291656314864
-1.44862186342030
-0.188448446126405
-2.70866187617847
3.20052563643844
-3.82684446066173
-1.32732740397215
2.40942451598640
0.330361512053400
-0.848414298686960
1.76692827705808
1.04114569829816
-0.537773896613687
-4.21704228906060
0.650046734685723
0.409881691275696
-1.89813507301164
-3.71678806384093
-0.478680165554399
-1.12093622272819
-0.373452612443805
-1.82820196598351
-3.24085822965184
1.79142212899156
-0.218529388128072
0.547394570265459
-2.20001141026933
-0.214759876455148
0.101037200893420
-5.00785993379097
-0.613594721896904
0.441006185950784
0.846163629477640
-1.34095349308439
1.05345314098333
2.04813653811389
0.310906089855700
-2.49079727640785
-4.08430587266612
-1.86287866796236
-3.61525539457820
0.0356313446734752
0.322469119446783
0.305805166128918
1.66162044835076
-1.58782736567820
4.90508307492782
3.12120855188259
0.00826837253536997
-2.66147355054048
0.859634338458950
-0.570537592838002
0.684681416893604
1.44333395007801
-3.65420187544437
4.19602214343558
2.56090621972947
3.60854609269839
3.49702106376265
0.345139784076926
3.52271849786396
0.446597774568214
0.865689227963029
1.18785730583583
0.567076763808032
1.14656064216540
-3.82660019176524
1.38798961807745
0.572030625099947
2.58029738619774
2.39235645662939
4.19489684352729
-2.12985405959027
-3.62827511647467
1.61188757961860
0.848551151405292
1.13990431743174
-0.267220151383152
1.23345829495456
-3.69599048116657
-1.68006703405382
-1.60059698813606
2.19029613323497
1.14814181547050
-0.338884598507939
0.371240538414624
0.0113217955191631
0.670136346090999
3.63002512303261
0.605899961551832
4.19216189679868
3.14774611612614
-0.563662600629741
0.597452701201642
-0.871011829717059
0.689143703292522
2.77330709541787
2.25894956814795
-0.533062091218786
3.03818929196981
0.656064195835571
-0.920566237649220
0.456280159689683
-3.53246036218104
-0.325992170536412
-0.459357984948693
-1.26356931347727
-1.99718939412445
2.46527427962347
2.42263232362025
-3.81529032598622
2.16761650102285
-1.44327322026748
-2.28820414146820
3.06611246188779
-0.517703185617352
-1.68899208351028
1.91055601953310
-1.46036042639288
3.10371321749390
2.39883630232138
-1.05525703487727
-1.22917215348576
0.671279681605835
2.09119676539108
2.76081663120338
-3.83969853869643
1.10205049960882
1.69497410513525
-2.70509019388222
-0.445185113812219
0.0506638808678385
-2.46350025213377
1.16919080677971
0.122100439997335
-0.632962777313584
-0.954933522979350
-1.71719811860484
-7.33187067819071
1.50425491277543
3.84609922659658
3.43759842150678
0.0945472441579636
-0.250673726976117
-0.435840177487710
1.54085730501451
-4.03911502654079
-0.176070700074893
-4.28831217013160
0.365298080393646
6.68301685971863
5.53993697993664
-2.75947497967903
-0.582522336426540
0.857765123744691
0.684426718762336
-1.68540176917341
-1.37366172743312
1.05461373845871
5.03890630449610
1.87000523259082
-0.478410385795668
-3.16120767716827
-1.93272041231562
-2.32281139099279
-0.188471459380076
1.56354853002085
0.266195857954201
0.457922335912209
-0.259338597997395
-0.161552491446259
-1.14945794885073
-0.831909898126287
0.542309258049255
4.13740918326181
-1.27510045059789
-4.15671729754246
-0.470507090199439
4.74067112519327
1.49046683627279
1.39585678484063
3.84683505378996
-1.75337733480472
2.48123186699651
-0.0586454440141647
2.33734852833444
-0.253258364247589
-0.551852229587685
1.36868961650382
2.45892707220403
1.81438765967193
-1.65019010545649
-1.92694785962414
0.0621900366125405
0.581489478173855
3.19354408762505
-2.77041888686951
0.317768190349868
2.26332993705726
-4.32852230482835
5.30377452944278
-2.56192349048761
-0.884873373276503
-1.59606885296979
-0.549006760818011
5.13204738124219
1.05657883307516
3.14821492309973
0.942383008324652
-2.03269708337823
-3.11299249932797
2.33837868087450
2.61187008554593
3.35213561133504
0.662527432318010
-0.320329615018795
1.44354986844255
-0.430735772312429
-1.63430300515900
6.02129908828148
-3.28231560972581
-1.19947379377546
-0.423738455391930
1.37723004203201
1.77235424530301
0.333719287068436
3.00865355728354
3.58529609723561
-2.39755231309876
-2.36707703559943
2.60317491728099
-0.301344904487132
0.950150796634544
0.278402594989503
-0.807594829343914
-2.57988588331455
0.630413896319596
0.339822742181807
1.69036246128990
1.46877991682092
-0.0894433739146878
-0.357807548201922
-2.59290990107722
-2.26196317353517
-0.787990641708253
0.571357260131233
-1.30506434610238
0.161132844736649
1.27412151095652
1.71113817928239
2.38761742936772
1.19129619650812
2.47868558875503
0.601728531047758
1.63709888999931
1.74237764561655
-1.33639107396747
-4.31398664208661
1.61124683796930
-1.86430190582209
-1.85834482056720
-3.06389456816472
-0.666697217347087
2.33451451001160
-1.86719545022400
0.259789680091658
-0.0444966335110121
0.0338189270703655
2.33594451582691
0.702173874162865
3.07317456430835
3.12292851816290
-0.495003569516736
-0.842200511410126
-3.64336351445881
-0.749640144370940
1.92775870570539
2.80341309531679
0.124363445282561
2.76202534356837
-1.29767125812147
0.428473375695683
-1.87000397247505
0.620079325619617
-4.54575081466433
-2.27710358004803
-2.07849329594776
1.07410225981349
-1.07127380910489
-1.58431358626094
0.0956723789138535
0.610447579836003
-1.27457615313094
1.98520677723727
-0.374468913087262
-1.78452218635490
-1.14929028776431
-1.40294155472060
2.72525659261108
2.20958680365644
-0.119621435444452
0.907074450771648
-2.18913023498662
-2.08956545775354
-0.258517140050604
-0.599846089583726
1.13254332923299
-0.551579531644769
-1.49409752305043
0.371194074288275
-0.0327905575523324
0.0490152437930179
2.26817337547710
-2.46084502046444
4.59520466952813
-2.50812524028627
-2.24893204832002
0.969876548856191
4.21324160304637
-2.00546470902086
-2.35052390932238
-0.0306277829518974
0.882069109468275
-1.28705128234560
-0.544056085818861
-1.16446382086818
-0.259502169646244
-3.44177465343088
-0.493160317628413
-0.0402837574476179
1.24316767753486
-1.75136413691278
-0.689470840141645
-1.64304234497106
-1.59759583193317
0.470755917395661
0.671723338986138
-0.469068097376160
2.60868958286589
0.896320223778950
-2.61688862807916
5.08300548068268
-3.16072919980803
1.05624080016109
-2.90708303656406
-1.22539086732862
1.98300237166632
0.127076295174916
-0.376025707454729
1.52924799412013
-0.538562741260320
-0.243329825681236
0.311501403063713
0.329162527088389
2.34009102303938
-0.527144267488583
-1.86870925262998
-1.19669862409519
-1.08040356205058
2.85329822427389
0.741149858156320
-0.0787636499764305
1.84595364378261
0.485646511613421
1.68389373900821
-1.71670622132494
2.06581992502333
0.517068861101535
-0.268647961198997
0.111918084389268
3.18306131820969
-0.882018291398814
-3.37608964718002
1.19057736482853
-3.53212374747211
0.955143648335071
-0.567525505782368
-1.41346034771506
-0.0271316516826001
-1.12512674025821
3.20864493954992
0.793454490309655
1.17865896015253
-2.10951272133918
0.953504120404341
2.62022563666199
-0.482703663395709
-4.13171625238753
3.98018561362565
-1.20072076542418
4.47447554487151
1.19328000851810
2.31676357961971
0.610446944683788
-3.75927162960530
0.376601435836502
-1.93469379590967
-2.64775728963991
4.32432217779611
-3.73332761208962
0.822116133547328
2.11277501361905
-0.330794099993843
-0.483981250575888
-1.77460785538862
-3.92903734344264
-1.17825695118287
-0.836236490124794
-1.59510853678105
1.68039198190472
2.04224056853920
0.192864166933482
-0.625063515279449
2.76332056961498
1.68450865371345
-0.890385253860854
1.36724183743112
2.18779865294704
1.18662518065668
1.55529182940616
-1.83273218212360
-0.666230017472007
-0.0594170848100682
3.74820274996395
0.257847939023525
0.810127794571103
-0.872198608442100
-2.20993819184002
2.14078208653873
-5.03333543635180
-1.37614211348010
0.887387911839407
1.88631920485720
-1.25866918448487
2.00842017916318
2.30856405942974
-4.84531998726126
0.0972291768943323
-2.96456433369423
-0.0387635830521140
1.05003484748792
-0.0969556821270279
3.73861529564397
-1.18253891733144
-0.234249148156502
-0.925611731934813
1.95334280348831
0.354864169882868
-3.44889271159352
-1.49012347784022
0.583880753143652
2.15216322497693
-4.65465043995943
-3.25357561238175
1.91041547569217
-3.30438360105324
-4.23623952119273
2.83595051413152
-0.0877981949436616
-4.06312606470797
-0.397078547898893
-0.243299324388079
-3.03745772778517
-1.62047780905405
-3.81877793386454
-0.500143239057827
0.693164538612052
-1.27549151803624
-2.27066642617559
-3.03473085198973
0.729123446942352
3.41367786936669
0.123669656180501
2.05118271970147
-3.68233891379389
-0.299679442075471
1.39555449533233
2.07195770103896
1.57923183547726
3.53442083291883
-0.113595693446041
1.61866163962830
1.26309218092960
-0.572586638166133
-3.36336456322829
-4.61712556010230
-5.33753925235410
3.09700669412203
0.224344739232450
2.27102390100622
-2.45593689750420
1.65062239650472
1.33499109529722
2.08192094747535
-0.396239186987287
-0.392411980190465
1.99264724098298
-0.562896628072926
-0.270565395075797
0.188218329981897
-0.827244353470293
-0.0861017968472881
-2.69929310554200
-3.58866135646040
-0.630171595998232
-3.35726550672274
-3.04210834217200
-0.497820294262424
6.38224320613613
2.63389383292591
-0.283626535401295
3.44947246988221
1.14349550275444
-3.91564796482747
0.496418699631502
-3.99327954562791
5.56843387901638
2.10704268511022
3.48219087606058
-2.56531620133545
-0.366655942089229
1.05039909828998
0.353286338458185
-2.54796529853279
-0.821188521307322
-0.704722727472483
0.309005338882385
-2.66196691833105
0.947505551529270
0.319219795695591
-4.16191844925220
0.172715307694339
-2.93949002459797
1.98447901336850
-1.58169125356326
1.19817633123279
-1.11184735545285
-0.442634803018010
-1.56291851762499
0.387817031560769
-1.58021245092900
-0.562983065085533
2.61632918493433
-1.09258488210269
0.512409268404631
0.763278085254713
1.19436750792036
0.787994738587324
-1.46190269533511
-0.0266779921642344
-1.78231796684926
-1.13378800169482
-2.04510934531322
-0.954000771368162
1.26128487883256
3.48368995690272
0.205364090618418
0.286330725799150
0.774496740451536
3.79523206072897
3.61526154867295
-0.274399132342299
-2.77575324361486
-0.897310853875962
1.45509281569527
4.07102349950429
-2.62001240219426
0.131671258032831
3.80542438847220
-3.92686939343061
1.29177923095311
-1.60688599756609
0.491327295932782
-1.54372248746167
-0.271300013478329
-4.06161539177061
1.51803084231498
4.61073365164120
0.273985695355657
0.389649865047114
-3.85361591915408
2.34409323362236
-2.88145183307339
1.84170502371764
-2.74366701770148
1.36397820509139
1.20120029775570
0.255413295260243
-1.74819248133668
-1.11125409025810
0.529719256637181
-1.71688837085630
-1.38242998122350
-0.281547148433859
0.732687673556054
-0.0960499079009640
1.11774209883021
-1.96961994833771
1.83824731489857
2.55713503840727
1.66038185402740
-2.16819594259967
-1.40967685658478
-0.696881043667835
1.33230433217990
-1.59172362478923
-2.49624385998243
2.26834343664521
-4.46011236718192
3.49219129861036
-1.36873962186753
-0.702340611554740
5.43140814903081
-3.22219567072557
2.57539226344509
0.00873601037108285
0.402272558262769
1.36604509001885
1.97724505941392
-1.41352355260864
-2.23495088022643
1.13854447193703
-0.923481635934691
-1.31153843566605
0.239441284218352
-2.77488561500814
-2.37151992852322
-2.59065512708953
-3.10119184699752
1.19778373963934
1.24674708005775
0.130937602504865
-2.39388840466626
1.50534642259392
-1.75898415978798
3.69975016504913
-0.925804599690726
0.105665398211918
1.95154547470010
-5.87678274499389
0.722361239712310
-2.04963583175338
0.918042549503947
-0.466335772011165
-2.80384473762175
1.27319280069256
1.92968373079428
1.19733060640486
1.65119014025507
2.21538335181826
-1.84949451653857
-0.0924389264157856
-1.38248994076651
-0.128922785988946
0