0
-0.263569779169994
0.10743338991477
-0.337272436738983
-0.415344135070971
2.50223576439147
-0.118594285344846
4.23023098837465
-1.50732267765562
-3.03892268700042
2.69735734608132
2.88842077055736
2.2997646277419
-2.61360895729245
0.844786962466986
2.42536951226
0.0500661059358913
-0.864478704063405
1.52178100505274
5.09151708691469
-1.35926600456987
1.35733934901923
2.04028952348962
-1.93111185036067
-4.56359365474596
0.25180741832375
0.245457670750529
0.377371031201691
-0.894902210355106
-2.59879251351967
1.7620861648602
-2.31593925920671
6.9452656806764
0.615845341837622
-0.721745452133969
0.640948245182858
-0.717160599335136
0.404616363490999
1.32274431696988
0.976934772695631
-3.36386122517108
0.832341090512632
0.9272230332982
-0.307910555191019
-1.26676220581843
1.96247772415456
0.906934492730754
-0.104363264881163
-0.380068246414751
-2.43033547210721
1.51413260849803
2.38351150488523
-0.376851615579233
-2.62723837828628
0.0171193719924654
-3.06147221490888
1.34425825329553
0.448580737833926
0.0447856839718203
2.28799303157126
0.882366876631258
3.28822838601248
-0.401648081142644
0.574297245730451
0.371287457061027
0.111988061753793
1.30060815759007
1.77436747168873
5.80365062941412
-4.86127110243413
-0.808531004542452
-2.57041617293696
-2.97961452508189
0.608481473896219
1.00973181636622
0.529898428292267
2.65272440365851
1.30946545622097
-4.26629827184936
-0.862977112504648
-1.0337293761174
1.37875713696388
1.94812832396221
-4.38966836471683
-0.189836244375334
-0.321099343235491
-4.46473776125895
1.20501250103353
1.1404813680405
-3.193592443517
0.530230833712381
0.848891844247747
-0.851824866150003
-0.0889481202129002
4.55372954572536
-2.82775202680085
-0.269921260947072
-2.15612746186734
2.30251147239579
-3.08511879346282
1.97743663694336
-3.52882084334538
-1.00785090627127
3.26037469732132
2.27322128953505
-2.86764639873854
0.173228524213311
-2.61494637043161
3.78194404364826
4.10463421779352
-3.82900422897306
-2.04880311136402
0.0874565882696128
2.34911886792007
4.74603971808244
1.3780666336697
0.81820004384955
-0.301496443016075
1.66503225493083
0.643939896647463
1.69033737594343
0.827157490022224
-2.15790759060525
-0.69445486760131
-1.80080695215668
1.16408892717048
1.26493833352839
-3.60022317792327
-1.71803944188427
-1.79946095196017
1.53941792013932
-1.0347480303152
0.58194354373213
-1.03387602003749
0.530211735298089
-1.06655821882932
0.742174931728822
1.28683760144417
-1.91919644799012
3.05636608958871
-0.885107994286172
3.27803718385682
-3.28604135919981
-0.286333328116854
4.46680419028275
2.74024673365238
0.909545749140721
0.0232816154600238
-0.821867116518071
-2.72952323101776
-2.37216168293917
3.27707824639355
-1.73491157656827
-1.1579145608188
-1.40721661265676
-1.33620017732692
0.541870027550203
-2.18005854403414
1.93926129569758
1.86239717104915
-0.337606882189534
0.801267745643369
0.937524500512314
3.06838810507646
-0.68926002966223
-0.285383596278278
0.636264582765611
-3.94862182079451
1.30369401711427
-1.62529339409255
-1.39127792974021
3.36172335165948
0.938899598497219
2.71478706288101
1.28892111901442
-2.36954822633441
1.25843353586317
-1.65697330406954
-0.128812667802629
1.48208505766745
-0.859013216178256
0.158344999163639
-0.924770968252574
-2.43625428137061
1.31743213914654
-0.980180189344085
0.946789844297884
0.739555284616478
4.01330230751454
-1.89409618791481
-1.40252935863352
-2.88130852587504
-1.34094408547334
0.525900255603116
-3.06627644824346
-1.74526286934355
-0.93291979139463
1.20964420180397
1.83629318721143
1.54674438568623
-5.53452523709548
-2.94790628192671
2.32700539783753
-2.42188043678582
0.67096981415984
-3.27009679897991
0.616124479863296
-0.42088151228845
-3.34734366220493
-2.94423870392283
-1.09142566712829
0.818791464217994
3.33426160166349
0.594589258996077
1.54867423836683
-0.337321712230042
3.21554828553164
2.60831468319519
-0.988968388067792
0.350902826534064
0.140334056664365
0.761579501025748
2.53505633336418
-2.84104357075049
0.0660401311361564
0.890823713510049
0.131449156866265
4.04961199675426
-1.14767827601819
1.70657208812326
0.542116824912492
-1.3830912141945
-2.15338178226328
0.157955967023823
1.68476640017143
2.03612673392819
2.80028633907798
0.569865710787489
-2.15086530340554
0.645902579594936
-0.994623268772607
1.00851542679579
0.744593451659688
-2.71027476027232
1.49625502408147
0.625240882539645
-2.5611834888581
2.11710711399828
-1.58804583981055
-2.52263983224447
0.0609312006749231
-1.85175897916165
3.55898209427996
1.40149899401066
2.71514055628044
2.16646256491589
3.50108540963991
0.369427597410956
4.54512038979894
-0.484127697030608
2.82404118221611
-2.17689031928951
0.884024317690663
1.68862533111595
-2.06761802975781
-0.24186831062475
-1.27778312547607
-0.440728609739483
0.997616152372503
3.21790581576964
-0.388492755748023
-0.786969933644461
0.330702712750346
-0.99362016337803
0.680218303553035
-0.314943349105653
-3.05006121799233
-5.30386060679423
-0.546868720046556
1.80564223719438
-2.51172998772145
-0.178414113890506
1.54302906695899
1.00959918460368
-1.85476141991095
1.71961150547121
0.52069739941539
-0.692422709001865
-0.0372547136724101
2.55777484005528
1.18019351463696
-2.31401266696896
-0.307122498492066
-2.10722265224316
1.44452397333387
-0.132930146109227
1.46161673193993
-3.27099814228339
-2.6402938898421
1.25346389431849
1.00646009313461
-0.362888222645568
0.253525866261622
-0.736738831984827
2.29267618519903
-2.29455291973125
-2.19240685955749
-1.68239961371018
-1.29655590129941
-3.56455572586857
1.25248507677402
-0.57924353065174
0.144578277083436
-0.198782167800843
-0.604136239583025
1.53181980260409
-1.39644262548103
-1.03883880903066
0.429610187080963
1.9322622586074
-2.95689787904869
-1.03912376177804
1.3495710769333
-0.841978323287779
-0.355504882030954
-0.298434990941982
2.64529544236523
0.478552156669925
2.41217031976602
-1.1951059166973
1.72907293562098
-3.26448260639916
-3.74214911832118
-2.22390731912096
-2.01224748510214
-2.69538660075404
-2.65936490515775
0.44491187463834
2.29117500460127
0.0892760768286276
-0.542426887103324
1.22133299159723
-3.75485316795063
0.136100723488782
-1.70943071559937
-0.474844396009921
1.74721664047034
-0.00200007167309925
-3.34529345052797
0.120242638002194
0.86595643421819
5.02972718600523
-1.66213382444478
1.10871288271858
1.13276723809016
-1.60408814786395
-0.0119230548362221
-3.84024631804692
3.90835936555388
0.877809500074765
-3.00522371005169
-2.49448078408263
-0.573621259047704
0.4596016395368
-1.74024707027019
-2.92824391076112
-0.99980060606291
1.71135532764135
0.847667921534142
0.420156860316349
0.579132314765356
-3.72726331415107
-1.28709146724511
-1.32960650790069
1.28676833913736
-2.81106701134618
-2.39322229358105
-0.33596290481367
0.218693827007788
-0.0816810975522853
1.23464017651681
0.791506066235543
-0.133390924877343
4.98227681348668
2.48401761662421
1.90761779279503
1.78551444994992
-1.42662590489644
4.67460792476955
3.64603658830729
-0.396786689691208
-2.60066651970833
-3.43612379812903
-1.7965262246064
0.449940727186362
-0.308474308265998
-0.727899176676268
0.379301785259827
-0.325063183705532
1.23132273944549
-4.8449295708152
-3.22381464622691
-0.636422269632255
3.02667894644428
2.05568443793006
0.136389686372665
-0.992378429115014
0.323650527790061
-1.65900250114237
4.20542859543958
2.47391080336147
4.88996100331628
4.41184550757154
-2.23081428584824
-1.39797812152394
3.08803455068923
-2.78900352240327
0.329244734065874
-0.545326504164828
-1.70687174556846
2.8165375141665
-1.12311707991862
1.6715481211029
-0.687648598010622
-1.48125519563704
2.48813713690086
-0.610473477730728
-3.42034071780423
1.04952795491257
0.783429631888084
1.67472789805147
1.6718465512553
-0.649772576737198
1.42261999808017
1.40216245942094
0.955111216305349
-2.42094183330947
-1.07032475445852
0.0824494444617605
1.87881815763612
5.66783975645169
1.93325911289274
4.02552238051171
-1.35265621355421
4.50955186602288
3.12183253848447
-1.40204635015516
-1.53479502774855
-2.36321672245373
2.97354870152491
-0.748696985068747
-3.51160521592046
-0.778890260817089
-2.37583854737658
-0.485070912048014
0.816062316675465
1.55799431051286
2.30494876688953
0.191743356501842
-1.21646140326839
-1.36926156985098
-1.44180046263654
2.34940926907248
2.35155622429027
-3.8612321737235
1.75734823032374
-1.78693541528667
-2.10888099242396
0.0845279720080733
1.51800634937625
-0.368115330931182
-1.05077769621977
1.20218331172335
-3.51272820833419
-2.36410037433496
0.825310110303751
-0.178373437204343
-2.35336167598216
1.94811477479275
2.02221110370766
-3.43734777488059
1.27224774379357
1.70701252804714
-1.74223805120881
0.529376671979529
-0.453953532055003
-0.576242922299648
-1.54588976039719
3.29635556726472
0.796939080354839
1.34119446532702
1.64749659788458
7.09963354235181
-1.01658607332801
-2.89447178168288
-1.47377765990368
-0.133663672758576
2.01597514874861
-1.29700734825579
1.46954388770774
-4.07614672711112
-1.51380202092138
-1.16311633892057
-3.24147041907291
4.61955325176764
1.75697627821117
4.98081270910305
-1.08149861601243
0.131217203147898
-0.649888225662188
2.5316981744133
1.55918708076686
-1.55503918660282
-2.06108309755275
2.31526450640423
-2.92185397512988
-3.40398945011723
-1.36002814486295
-2.45056822644247
-0.182913196474383
1.58996442987436
2.26178436519149
-1.77605671404885
-3.74478923162569
2.12608760827549
0.0962613199952241
0.620702865251646
-0.497027970775318
-5.11913154152834
3.0813990401567
-0.404797831952974
2.69436446458966
1.01999282184869
-1.46413491459201
2.12669965360473
2.01448174705405
-1.47102339839092
2.64007013216924
-0.738903150462949
3.94212997541037
1.44451860951791
0.505958928359912
-0.343012202341843
1.44152325632246
-3.10027513010566
1.04854526159295
1.94315901392603
1.11367132410213
0.43312202221387
-2.95960204778362
-0.394433104896219
3.78673020173346
1.93096993968796
-3.44084840127035
4.9433529145429
-3.15406956489948
0.0298923399411896
1.42102015802129
-0.606353080434639
3.17332585585182
-0.906724518146125
-1.82807938908911
-3.20072703796192
1.34569005087847
3.33615375559186
-0.109983563431314
0.287128860491932
-1.93078667064718
-1.65897281929712
-1.84233163343068
3.92452438468785
-0.687262559600789
-1.56980878313379
5.88581798735538
-2.86463412808702
-0.969742789541629
-0.676867247182524
0.714642833830281
-0.476774609990829
1.44621207187618
-3.1255250625522
-3.81480068957748
2.52806867413355
0.756559809906258
-4.865840177831
-1.09555757372756
-1.67727011801026
1.48752233369568
3.76658517743178
-2.39869179892065
0.67148602964728
0.296117425230428
1.5889604525489
2.78965768165481
0.903296493446711
2.83848149227111
1.17539278147776
2.30140311899909
1.22508272283974
-1.27908589904447
1.27650711385802
0.022231613732157
0.0983835928946206
-0.446452436260241
-1.35290198764818
-0.770604898803046
2.00452359674685
2.21015787495494
2.6593099140204
1.7562701958276
-2.34066245109121
-2.42114960968485
2.45852680040851
3.77402459337263
0.635021550089009
2.72599600625877
1.38149843016152
-2.04728284023764
1.98225354459038
0.0111997980541756
0.994638311598982
0.962329124106008
0.252453620780752
1.03452768759317
1.68155676278052
0.630427399015509
-1.06423993046148
-0.845942063107572
-3.76620186858251
0.0395626823169649
2.87708600146794
-2.20310229534691
-1.04141236586302
-3.79427804815752
1.22596453317276
-0.692682343748826
1.69346202184072
-0.542499885856579
3.54710410025637
-1.53500144570156
0.903341245322016
1.6233768434282
-3.17275703450485
1.35127949373874
-0.478711644699353
0.631229214200974
-0.544711576015691
1.68759316691038
0.214740549599519
-2.48868442160366
0.54578457345519
-1.36325739714417
-4.85887922909856
-2.130258020393
-0.575957980783415
-0.678116501478685
0.90968480359738
1.07295468790969
0.401104560035551
2.26351574764873
-0.315455841833658
1.96281718371227
-0.675336743012979
0.389919022075084
0.344859111851791
0.114424307355002
-0.141314049275079
0.691894665587794
0.759847662458139
-2.19070190921338
2.78670806667433
-0.00458784416390967
-4.34515198404136
1.80369280901976
3.58470748777302
1.09836401141155
-1.59262967502571
1.10572102625528
-0.562095929655115
0.868363205992009
0.0816415483234021
-3.19792730783441
-0.409959350301881
-0.361482813407791
2.49503166229315
-1.0000078134765
3.2535208427604
5.95908774705653
-2.50292908852688
0.344553948366983
-0.389993309387802
0.494393626178539
-3.06923259136437
0.049572863312063
0.366689423631073
2.38576575395016
2.22103282887634
0.157134194072096
-2.68933179746941
-1.98184980684254
1.97910495704134
-0.026314621233377
-0.906185464743942
-0.569084204190974
-0.190685009115845
-1.49101179945739
-3.26846002641641
-2.45833986585197
-3.28215201499435
0.567010020962474
2.21788163926258
1.63571482417437
-1.69077788782195
-1.4363683504437
-1.77814546461233
0.314200958910736
2.72594601978251
0.0957971787090194
1.66134477528347
-1.68031433481068
2.32079486109098
-0.0628727516464329
1.07427125929937
0.666307391713623
-1.83279730586746
-0.0866791597505422
4.51513289008858
-1.07434114838319
2.46095838961348
-2.13805731123806
0.590728301430364
-3.88738376209498
-0.983756727493259
2.26880809961601
1.54840861866161
0.124456532855808
1.22564724271976
-2.81952823917156
0.332174222368844
4.38629123563424
0.277630132078451
2.20147946697371
-2.52199933612443
1.71105702321708
-2.98873465699776
-1.48948583250322
-1.53289279650195
-1.46805355065119
1.26627709070289
0.346984696540311
-2.17344960540818
-1.47689169316958
1.60805998562659
-3.13574349253107
0.916821864177352
1.42058075955501
0.267596050591905
0.556181156630151
1.62083576424917
-1.40573784860268
3.41332722872285
-1.07103538554783
-0.650284237710138
-2.04089767726184
-1.91384086219849
-0.281253288852977
0.334080196858068
-3.17356607391272
-2.16088114834977
-0.272662306549934
0.311386806840087
2.39540719583968
0.730743995327248
1.68662506346941
-1.77954234940012
-0.627500389736937
0.691472050497622
0.032785525948513
1.84369740915615
-1.00969607394735
0.815552421230017
2.92994881871281
-1.92322799427742
6.09453039458962
0.335828119403493
-3.6123101393361
-3.08157132257909
-0.190571152263897
1.9626728626243
0.380629880721133
-5.31514522580888
0.0958046792253657
-4.33371352351806
-2.26219165502946
2.91453701499987
0.7560205851611
-3.16438967065756
-3.22463946177775
-2.91882375795541
-0.788974606764905
-1.98036585463298
-0.886403877443395
1.17145362327896
3.60911668450744
-5.10097322761634
-1.2581614496223
-3.29946849848121
-1.77392422881657
0.95042771841387
-3.30007090716897
-4.52629928095012
2.1928070860055
2.37768545088188
-2.21702211884395
1.69212839601798
-2.12579888927318
3.24438439264125
1.12229610467647
3.91718348193367
1.0986147139564
-2.3600764940569
-1.59745421199838
-1.7445898195994
-1.6947116744318
0.71394950989623
3.60160598982083
0.255021551001415
1.82299326914957
-3.56874624789502
0.432630723418187
0.191011303353511
1.61603593305583
1.44437903943053
0.301332811684121
2.48412157051896
-2.13967815948145
-1.46845815509271
0.386672311921309
2.93928932611629
2.60559652250749
1.14074381502346
-0.517095302899071
-2.09312043537102
1.6580529639307
-2.25156010449265
1.88847784151144
1.23378227456674
2.45175804418588
-0.109901985703356
-2.34791903983132
2.0042506799317
2.49595579177711
-1.83817438772585
1.09061320975797
0.82024482894598
-0.0715895992892506
5.09144583031003
3.93473636863285
2.35574048016282
-3.46255603089394
-0.41952704773043
-1.46716219961339
7.28828523202421
2.61164356872841
0.0028301181747622
4.00019313178469
2.30493089821194
-2.23943355955361
-0.174222791017582
1.42234337050046
-3.92899203800584
0.60882721806189
-2.48288173022171
2.68080407193112
0.0101087495366255
-2.2640898598314
0.0266409507429916
1.18051570489668
-1.57697439624977
0.167258879836221
1.15600474376076
-2.25447522730933
0.759601001629633
-0.369047998800997
-4.84472758105977
-0.806453676342187
0.586566055160847
-0.981409985339667
0.309932922600656
-0.678476746917779
0.133579227050932
0.433609454129721
1.32334950667128
0.0338906632350812
-2.70037343881009
-1.33601451133119
-4.67117426884401
-3.22136609862507
-2.10084956505953
0.288529985525161
1.1965702699051
-0.393364157357093
-0.546333841378848
-1.46096917102429
-2.06784892203424
3.04551251477715
-0.189423713395986
1.70813487132466
-1.7654441342921
-3.40387971569453
0.109358559824911
-0.161897396121002
-0.951893243553625
-1.12591031981611
1.69234440697528
0.258978529084844
-1.46913981684761
-0.884871579002781
1.30927178243339
4.00703250448896
-3.38714734488154
2.13589687959347
-1.08807252368882
0.772673845764428
-3.90828306545617
1.81199460970529
-1.83375245189097
1.488098254958
0.0778365552282642
3.21801201770658
-4.98033092070525
-4.02402916773776
6.43883389288769
-1.81784167388384
0.635233366644439
1.81352305213361
-3.22836657149268
2.13858530253575
-4.69049381110924
-0.0711647071207385
1.60962712182517
3.01040520889774
-1.23538970797472
0.538558521346431
0.503718129190837
2.08321462588124
1.05082747811353
0.510447406558924
-2.19870726819123
0.11776624413485
0.517409767781891
0.134655217246529
1.47760351744784
2.23735865386142
1.30659653266497
-2.55342064441329
-2.45639614838829
-0.375568465923702
-2.34386373295804
1.84029363055986
1.05007829860413
-2.90076400673043
3.77293397320955
-3.69061644576382
1.37160660406452
-0.611096253899543
-2.60788771817331
3.53978536689691
1.70341135665198
-3.93330784380686
-1.1775295262622
0.437160164647959
1.62880143986959
-0.989380483579299
-4.12116129933858
-0.197039556312363
-0.25722607904426
-0.303053752846486
1.41880972455391
1.45024884522082
4.22130850405116
1.9087904533183
3.17948488776736
-0.959716569152126
-2.17669040178366
-1.55605109842776
-0.356619537001482
2.62429197643185
1.46414206944772
1.30360966513715
-0.215470800459016
0.153961820218564
1.54710418633357
-6.44755722367065
-0.211162833139958
-3.55229146509703
-3.9058980960612
-2.44694086304185
3.97356428312301
-1.66431140707678
-1.91254331392292
-0.902579040944878
-0.89757520473041
-2.40934060861295
2.41476139529574
0.290047702933261
1.49956657252354
0.215177464465999
0.00242634543146985
